G
-0.253239351903538
-0.948571594276322
0.712976385701677
-1.0342353739613
2.24585257367121
0.584937217922974
-0.0251487765801813
1.00710372132301
-0.768557398325506
-0.586061814037891
-0.613231473704252
-0.33603308131908
1.40182125436461
-1.00734456381995
-0.59469602580206
0.251327504696064
0.983841161263207
-0.198591951029643
-2.55632474281042
-0.300009812201866
1.10901316882078
0.487780630482245
0.0888924198211031
0.115781344189273
-0.098520672445919
1.42107503889965
-0.710796405125586
1.02976788795518
0.743630124934718
0.00687464373319978
-0.344314376081549
0.894278578586757
1.63028187564442
1.31745467008905
-1.22721326420165
1.03975880801615
-0.828254626920119
0.904209736706082
-1.04356584823124
-1.40394210016351
-0.0715804239717427
1.00491876699594
0.414031537394549
-0.396886533226142
-0.454469185894735
-1.50628540321155
-0.374018010219403
0.653200905441338
-0.626519888194804
-2.23446254859292
-1.3916493760025
0.284566033054445
-1.14617039775411
0.162092233114943
-0.23848665791358
1.66776301973557
-1.39644692175836
0.0490983104106303
2.10430950208
-0.359529772106919
-0.377688800321049
0.206132541498595
-1.29229442323424
0.73523369821257
-0.804929840637309
0.0780779399177702
-0.397060779952918
0.0435201326890258
1.9512939659453
1.50629328160112
-0.392513754799535
-1.0776206489611
0.26047237130674
-0.649058188112761
0.968661821587357
